ISIN,symbol
IE00B42WWV65,VGOV
IE00BKX55Q28,VMID
IE00BZ163H91,VETY
IE00BZ163G84,VECP
IE00B9F5YL18,VAPX,VDPX
IE00B3XXRP09,VUSA,VUSD
IE00BZ163L38,VDET,VEMT
IE00B95PGT31,VDJP,VJPN
IE00BZ163M45,VDTY,VUTY
IE00BKX55S42,VERX
IE00BKX55R35,VDNR,VNRT
IE00B945VV12,VEUD,VEUR
IE00BZ163K21,VDCP,VUCP
IE00BKX55T58,VDEV,VEVE,VGVE
IE00B3RBWM25,VWRD,VWRL
IE00B8GKDB10,VHYD,VHYL
IE00BDD48R20,VDUC,VUSC
IE00BYYR0935,VMOM
IE00BYYR0D71,VLIQ
IE00BGYWCB81,VDEA,VEMA
IE00BGYWFK87,VCPA,VDPA
IE00BGYWSV06,VDCA,VSCA
IE00BGYWFS63,VDTA,VUTA
IE00BFMXYP42,VUKG
IE00BGYWT403,VECA
IE00BFMXVQ44,VMIG
IE00BH04GW44,VGVA
IE00BFMXXD54,VUAA,VUAG
IE00BH04GL39,VETA
IE00B3VVMM84,VDEM,VFEM
IE00BG47KG48,VAGP
IE00BG47KJ78,VAGU
IE00BG47K971,VAGS
IE00BG47KH54,0ACD
IE00BG47KB92,VAGE
IE00BF4R5F15,VX5E
IE00BK5BQX27,VEUA,VWCG
IE00BFMXYY33,VJPE
IE00BK5BQY34,VERE,VERG
IE00BG143G97,VGER
IE00B810Q511,VUKE
IE00BK5BQT80,VWRA,VWRP,VWCE
IE00BK5BR733,VFEA,VFEG
IE00BK5BQZ41,VAPU,VDPG
IE00BFMXYX26,VJPA,VJPB
IE00BFMXZJ56,VJPU
IE00BK5BR626,VHYA,VHYG
IE00BK5BQW10,VNRA,VNRG
IE00BK5BQV03,VHVE,VHVG
IE00BNDS1X14,V3GD
IE00BLRPPV00,VDST
IE00BNDS1S60,V3GH
IE00BNDS1Q47,V3GE
IE00BNDS1V99,V3GP
IE00BNG8L385,V3AL,V3AM
IE00BNDS1R53,V3GX
IE00BNDS1P30,V3GF
IE00BNDS1T77,V3GS
IE00BNDS1W07,V3GU
IE00BMVB5L14,V20D
IE00BNG8L278,V3AA,V3AB
IE00BMVB5S82,V80D
IE00BMVB5Q68,V60D
IE00BMVB5N38,V40D
IE00BGYWFN19,VGPA
IE00BMX0B524,VGUE
IE00BMVB5K07,V20A
IE00BMX0B631,VDTE
IE00BMVB5M21,V40A
IE00BMVB5P51,V60A
IE00BMVB5R75,V80A
IE00BGYWFL94,VDCE
IE00BG47KF31,VAGX
IE00BLRPPW17,VMSTX
IE000S0PSP47,VDTS
IE000NATSYT3,VMCAX
IE000QUOSE01,V3EA
IE000O58J820,V3NA,V3NB
IE000GOJO2A3,V3PA,V3PB
IE000KPJJWM6,V3MA,V3MB
IE000QADMYA3,V3RE
IE000UQLOH05,V3RP
IE000EKJRSZ3,V3CE
IE0000MOWF88,V3SP
IE000JQV8511,V3SD
IE000F37PGZ3,V3RF
IE000RO1O3N4,V3SS,V3SU
IE000NRGX9M3,V3EL
IE000L2ZNB07,V3NL,V3NM
IE0008T6IUX0,V3PL,V3PM
IE0001VXZTV7,V3ML,V3MM
IE00BGYWSW13,VCDE
IE00BGYWSZ44,VGCA
IE00BYYR0C64,VMVL
IE00BYYR0B57,VVAL
LU0836515717,BGIXJF2
LU0836512961,B92D
LU0938202826,BGXJX2E
LU0960942059,BGIXN7U
LU0836514587,BGIEMN2
LU0960941754,BGEMN7U
LU0938202743,BGIJX2E
LU0826454976,BGIEGX2
LU0839971503,BGGGN2U
LU0826455437,BGIMGX2
LU1333800438,BGEMGI7
LU1321847714,BREMD2U
LU1321847987,BREMD2E
LU1289970243,BREMZ2U
LU1896777239,BREMD2G
LU1093538335,BSEFD4G
LU1118028742,BSEFI2U
LU1567862849,BRED2RF
LU1567863144,BREA2RF
LU1572169453,BREI3RF
LU1072457747,BSEFA4G
LU0997362164,BFXD4RF
LU0949128572,BSEFD2U
LU0949128226,BSEFD2E
LU1706560163,BSED2EH
LU1706559827,BSESDD2
LU1893597564,BSEUI2E
LU1893597648,BSEUX2E
LU1193909402,BRFI5UH
LU0438336421,BRFXID2
LU1117534401,BRFID2G
LU1288049866,BSGEZ2G
LU1288049940,BSGEZ2E
LU1258025839,BSGEDZ2
LU1603214153,BSGI5RF
LU1669036458,BSGRD2U
LU1721361928,BSGRZ2U
LU1669037183,BSGRX2U
LU1733247586,BSMCD2G
LU1191062733,BSMDD2G
LU1191062659,BSMDD5G
LU1241524617,XMHT
LU1304596254,BSMDD2E
LU1191063897,BSMGD2G
LU1191063624,BSMGD5G
LU1241525184,BSMGD5U
LU1241524880,XMHV
LU1304596841,BSMGD2E
LU1191063541,BSMGD5E
LU1191063202,BSMMD2G
LU1191063111,BSMMD5G
LU1241524708,XMHU
LU1241525002,BSMMD5U
LU1304596684,BSMMD2E
LU1191063038,BSMMD5E
LU1532729727,BSSI2GB
LU1640626609,BSSAI2R
LU1352906538,BSSAI2E
LU1484781551,BSSI2RF
LU1352906298,BSAD2EH
LU1572169370,BSAD2GH
LU1373035408,BSSAD2U
LU1423753034,BSSX2GH
LU1264796118,BRIWX2G
LU1861218482,BRUEX2G
LU1430596939,BSUAX2G
LU1430596426,BSUAD2G
LU0329592298,MERDRDD
LU0827875187,BGADD2G
LU0411709560,MERDUD2
LU0827875260,BGAD4RF
LU1330249480,BGADI4E
LU1260044513,BGADI4G
LU1250982748,BGADI4R
LU1085282496,BGAD2RF
LU1279613878,BGAD2CH
LU1578216449,BGLD2RF
LU0859042482,BGAGLD2
LU1091682382,BGAGLI2
LU1800013101,BGAGI4U
LU1992156122,BGAS2CH
LU1992155744,BGAS2EH
LU1992157955,BGLS2GH
LU1992158094,BGLS2SH
LU1992157872,BGAS2US
LU0969580132,BGATD2E
LU0776122383,BGATBDU
LU1250979793,BGTD4RF
LU2127175250,BGATI2C
LU1250973911,BGTI2EH
LU1111085012,BGATI2U
LU1250978043,BGTI4RF
LU1580142625,BSCC
LU1580142898,BGCAI2U
LU2028885262,BGFCHD2
LU1992160405,BGCAS2U
LU2070343392,BGBCBAU
LU2112292417,BGCBDEH
LU2112292250,BGCBDUH
LU0683067952,BGRBD3U
LU2112292094,BGCBIEH
LU2112291955,BGBCBIH
LU0827876078,BGCD2RF
LU2087589854,BGBCEDG
LU0888974473,BGCEFI2
LU1505937943,BGFI4RF
LU1330249563,BGCI4RF
LU1505938164,BGCI4UH
LU1800012988,BGDA2CH
LU1564329628,BHDA2SH
LU1564329032,B3FG
LU1800013010,BGDD2CH
LU1811365615,BGDHD2E
LU1811365888,BGDD2EH
LU1564329206,BGDHD2U
LU0827876748,BEED2RF
LU0827876664,BGED4RF
LU1057296771,BEBA2GH
LU0297941386,MLEMUD2
LU1057294727,BEBI2EH
LU1180455567,BGEBI2U
LU2075911060,BGEMI4E
LU2075910922,BGEMI4H
LU1806518293,BGEMI4U
LU0843232686,BEMCI2U
LU0651946864,XMH4
LU0653880228,BGEMD2U
LU0252970164,MEMESDU
LU1866970491,BGFEMI5
LU0462857433,BGEMX2U
LU0278470058,FJRT
LU0622213642,BGLED2H
LU0827885491,BLED2RF
LU0383940458,BGFLEMD
LU1741217027,BGLI2GU
LU0520955575,BGLEMI2
LU0995336418,BELCI3G
LU1495982867,BGLCI5U
LU1911699996,BGELS3H
LU2038736208,BEEBZ2G
LU1862385918,BGEI2EH
LU2098887420,BGIGOA2
LU2098887693,BGIGOD2
LU2098887776,BGIGOI2
LU2098887859,BGIGOX2
LU2133217062,BGIGOXG
LU2098888071,BGIGOXH
LU0297941469,MIGSED2
LU0827877712,BGEBD4R
LU1376384100,BGEI2UH
LU0368229703,BGEBEI2
LU1808491655,BGBDI4E
LU1376384282,BGBI4RF
LU1808491812,BGBI4UH
LU1445718197,BECA2GH
LU0368266499,BGECED2
LU1445719088,BECD2GH
LU1445719328,BECI2GH
LU0827878017,BGESD3E
LU0827878108,BGESD4E
LU0906886691,BEMD2HC
LU0252966485,MEREMDE
LU0368230206,BGEMEI2
LU2091194634,BGEEIAU
LU1185942585,BEID2UH
LU1984140779,BGEDD2U
LU0579997130,BGEED2E
LU2091194477,BGEEIIU
LU1222728690,BGFEEI2
LU0368266812,BGEFED2
LU0252966055,MEREUDE
LU0827879098,BEUD4RF
LU0368230461,BGEOEI2
LU0252965834,MEREGDE
LU0827879502,BEVD4RF
LU1861217591,BGFFTZ2
LU1181257202,BFIGAGH
LU0278466700,FJRS
LU0278456651,MLIHED2
LU0278469043,MLFIUD2
LU0278463947,MLIHGD2
LU1270847186,BGIGD4C
LU1294567364,BGFID4G
LU0986736956,BGFII2U
LU1992159902,BGFXS2C
LU1992159654,BGFXS2E
LU1992160157,BGFXS2U
LU1992161049,BGFXS4E
LU1861215629,BGTHD2G
LU1861214903,BGFOTD2
LU1861215207,BGFOTZ2
LU0072462426,MI9D
LU0827880344,BGGAD2G
LU0329592538,BAD2
LU1842103803,BGBID2G
LU0414062165,BRXDSH4
LU1222731728,BGD2RFG
LU1403442228,BGCI4GH
LU0368268602,BGGNUD2
LU0462857607,BGGOVX2
LU0118259661,MERHYID
LU0171284770,MERHYAD
LU0368267034,BGGHED2
LU0372548783,BGGHGD2
LU0827883363,BJVD4RF
LU0171289738,ERDT
LU0204063647,MLAMADS
LU0462858670,BLX4DSG
LU0827884411,BLAD2RF
LU0827884098,BLAD4RF
LU0612318385,33U
LU0827887943,BWAD2RF
LU0435534705,BGND4DS
LU0368234703,BGNEEI2
LU0376447149,BSSO
LU0011847091,ERDW
LU0204064025,01V0
LU0329592967,MLUKGBD
LU0827886036,BUKD4RF
LU0204064967,MUBVADS
LU0827886549,BUBD4RF
LU1294567448,BGUD2RF
LU0822668108,BGFUHI2
LU1111085442,BGUHI4H
LU0706698544,BGUA4RF
LU0552552704,BGUHD2U
LU0532707519,BGUHYD2
LU0681219902,BGUD4RF
LU1111085798,BGUHI2H
LU0827887430,BFED4RF
LU0808759830,BGWBA2G
LU0184696937,FJR6
LU0871639547,BWBD2PH
LU0297941972,MERWBD2
LU0827889055,BGWFD2E
LU0329593262,MWOFUSD
LU0368252358,BWG1
LU0329593007,MLWORHD
LU0204068877,MLWMADS
LU0827890145,BWMD2RF
LU0252968341,BWM2
LU0827889725,BWMD4RF
LU1400680390,BGEI2GH
LU2079411406,BSDI2HU
LU1893597481,BSEUD2E
LU1893597721,BSEUD2G
LU1893598026,BSEUI2G
LU1191062576,BSMDD5E
LU1241524963,BSMDD5U
LU1103452089,BSLSD2G
LU1069250972,BSGLSD2
LU1430596186,BSUAA2G
LU2125115951,BGHA2GH
LU2250419111,BGAHD2E
LU2327297755,BGAHBIE
LU2319960527,BGATBSE
LU2319960873,BGATBSR
LU2267099674,BGBCBAE
LU0679941327,33UI
LU2319961764,BGBCBSE
LU2319962069,BGRBSUB
LU2041044764,BGBCEIE
LU2041044681,BGBCEIU
LU2319961095,BGBCEIG
LU2360107911,BGBCEI4
LU2319961418,BGBCSEE
LU2319961509,BGBCESE
LU2319961251,BGBCEUS
LU2319961178,BGBCESG
LU2319961335,BGBCESU
LU0462858084,BGFCOX4
LU2319959941,BGCEF2E
LU2319960105,BGCEF2U
LU0513876275,BGEX4DS
LU1618350562,BGEI2RF
LU1806518533,BGBI2GH
LU0995319919,BEMCD3H
LU2337646124,BGMIBDE
LU2337645589,BGMIBDU
LU2337646397,BGMIBIE
LU2337645746,BGMIBIU
LU2337645829,BGMIBXU
LU2337646041,BGMIBZU
LU1694209807,BGLD5RF
LU2319963547,BGLCBSU
LU2319963380,BGLCBSH
LU2197934990,BGEABDE
LU2197934644,BGEABDU
LU2290526248,BGEMDHG
LU2352260140,BIGOD2U
LU2352260223,BGIGOIH
LU1376384365,BGBD4RF
LU2319963893,BGBEBSE
LU0827878447,BEMD4RF
LU1185942403,BEMD2UH
LU1015435362,BGEX5GR
LU2319962903,BGESR2E
LU2319963208,BGEESR2
LU0204062672,MEVLADS
LU1877503935,BGFI5GH
LU1072327023,BGHYD5G
LU2369862847,BGHYBIH
LU0827883017,BJSMD4R
LU0827888248,BWAD4RF
LU2360107754,BGFSEI4
LU2346227908,BGSGIDU
LU2346228039,BGSGIXU
LU2346228112,BGSGIZU
LU0278718100,H2Z
LU2315843826,MLGEAGH
LU2315843669,MLGEHAG
LU0827880930,BGED2EH
LU2315844048,MLGEHDH
LU2315843743,MLGEDGH
LU2325744022,BGEHIDG
LU2319964271,BGEHIIC
LU2319964198,BGEHIIE
LU1495983246,BGUKI2G
LU2211194795,BGBUKIG
LU0368249990,BGUBUI2
LU2344713685,BGDHYIC
LU2242188931,BGUHI8G
LU2319962572,BGHYBSE
LU2319962739,BGHYBSU
LU1087925589,BGWBI2U
LU0630472362,BGWED4R
LU0204068364,MWENADS
LU0326423067,MIWGDUD
LU0827889212,BWGD2RF
LU0252968424,BWGO
LU0827889139,BGWGD4E
LU1960219225,BGWHI2U
LU2297183803,BGWHI4U
LU1728553774,BGWHD4U
LU0827889485,BGWHD2E
LU0326425278,MIGWMGD
LU0836515808,BGINAF2
LU0836514405,BGINAN2
LU0852473015,BGIWN2E
LU1308276671,BSEFD5U
LU1800013283,BSEFD5E
LU2412548955,BLRASSU
LU2412549094,BLRASSE
LU2412549177,BLRASS2
LU2412549250,BLRASSG
LU1741217456,BGAGLD3
LU2344714063,BAHYD3E
LU2339509122,BGHY2BI
LU1564328224,BGAHD2U
LU2381872907,BGHYBDH
LU2319960790,BGATSRH
LU2319960956,BGATBSU
LU0827875344,BATBD3U
LU2319961921,BGRCBSU
LU2112291872,BGCBIGH
LU2319961848,BGBCBSG
LU2112292177,BGBCBDH
LU2391915928,BGBCBSR
LU2290526164,BGCBDEA
LU0719319435,BGRBD2U
LU2041044335,BGBCEDE
LU2041044251,BGBCEDU
LU1207311066,BGCEI2U
LU0827876235,BCED2RF
LU2319960014,BGCEFSE
LU2319960287,BGCEFSG
LU2315844121,BGCEFIU
LU2319960360,BGCEFS2
LU0406496546,MIGOEUH
LU1984140423,BGCED2U
LU0827876151,BCED2UH
LU2404648292,BGCEFIH
LU2319962226,BGMCBSG
LU0995325486,BEMCI3G
LU2319963463,BGLCBSR
LU2319963620,BGLCBSI
LU0204069685,BGEBA4G
LU0827877803,BGECD3E
LU0986743572,BEMA2HG
LU1083819141,BGFII5U
LU2123743853,BGBMEDE
LU2123743937,BGBMEDG
LU2123743770,BGBMEDU
LU2342521510,BEEBDUG
LU1864665515,BGFEI2E
LU1864664203,BEECI2U
LU0534476519,BGNEI2U
LU0252964944,MERNEDE
LU0252969661,BSE2
LU0827885574,BGNED4E
LU2319962655,BGHYBSG
LU2319962812,BGHYSR3
LU0592702061,BGFHYD3
LU0171304719,H2ZK
LU0106831901,MI9Z
LU2112292763,BGBWHDG
LU1495982602,BSAPD2E
LU1417814305,BSAPZ2U
LU1861219704,BRUZ2UH
LU1861219027,BRUZ2EH
LU1861218219,BRUEZ2G
LU1861218300,BRUEI2G
LU1884804383,BRUES2G
LU2066748497,BLCARIG
LU1861219886,BRUI2UH
LU1861219290,BRUI2EH
LU1814255391,BSED5EH
LU2548888341,BSFEMGY
LU1908248021,BSGZ2GH
LU1251621188,BSGEDD2
LU1373035077,BSGD2RF
LU1373034930,BSGD2RG
LU1376384878,BSGA2RE
LU1603214401,BSGI2RH
LU1603215044,BSGI5RH
LU1251621345,BSGEDI2
LU1382784764,BSGI2HE
LU1817852764,BSGI4EH
LU2215606471,BLGEDDG
LU1435395808,BSSED2E
LU1200840038,BRFA2RG
LU1508158273,BSAX2US
LU2419916288,BLEARXH
LU0072462343,ERDE
LU0821914370,XMHB
LU2600820869,BGFGRX2
LU1580142542,XMH2
LU0359201026,BLKCADS
LU1202926504,BCOD4RF
LU0827876318,BCED4RF
LU0224105477,ERDZ
LU0071969892,MIGOEUI
LU2319962499,BGMCBSU
LU2641782235,BGFMARX
LU0448386994,BGFESA4
LU0448387455,BGFA4ST
LU0448387703,BGFSA4H
LU0903533064,BGFDRFH
LU0555993434,BGESD4G
LU0827891978,BGESD3G
LU2488121257,BGFSGAU
LU2488121687,BGFSGD2
LU0969580306,BGEFA2U
LU0229084990,MI9R
LU0204061864,BGEUA4G
LU0827879338,BGEVD2G
LU1861217914,BGFHD2G
LU1861217161,BGFFTD2
LU0737136415,BGFID5U
LU1129992308,BGFII5E
LU0999670564,BGFGI2G
LU1852330908,BGAAD4G
LU1978683255,BGBA6GH
LU1814255474,BGCD5GH
LU2533723461,BGGRAMA
LU2386952878,BGBIIUA
LU0236176334,MLJVADS
LU0204063480,MJOPADS
LU0827883876,BLAD2GB
LU2527845866,S2USDLX
LU2527846088,S2EURAS
LU0612325679,BGWRDEU
LU1864666323,BGND2EH
LU2605896872,BGNGS2G
LU2605897094,BGWRS2G
LU2604840871,BGCETX2
LU0827886200,BUBVD2G
LU0764821012,BGUHI3U
LU0329591720,MIGHGD2
LU2641782318,BGFUSFX
LU2629201513,BGWENI5
LU0368236583,BGWMEI2
LU0368260294,BWM3
LU2527846245,I2GBPLX
LU2087589268,BLGBIXU
LU0916238545,BGIEAN7
LU1811365375,BGIED2E
LU0836515550,BGIEEF2
LU0836515634,BGIJEF2
LU1513020419,BSAPA2G
LU1495982438,BSAPD2U
LU2615938151,BSAPAD2
LU1495982511,BSPD2EH
LU1417814057,BSAPD2G
LU1417814560,BSAPZ2C
LU1417814487,BSAPZ2E
LU2634581255,BSAZ2GH
LU2634581172,BSAZ2GB
LU1715605942,BSEMZ2G
LU0946833604,BREXUX2
LU1586024074,BSAPZ2G
LU1508158356,BSAZ2US
LU0725892383,BSADD2E
LU1653088168,BSADI2U
LU0802637750,BLEUD2R
LU2213651438,BLEARDU
LU2641749960,BLAERI2
LU0776931064,BLEAI2E
LU0414666189,BLEURD2
LU0827973438,BRED4RF
LU0438336264,XMHW
LU2465781768,BLFISSE
LU1861218136,BRUED2G
LU1861219613,BRUD2UH
LU1990957067,BRUKA2G
LU2353382893,BLSARXU
LU2353382547,BLSARIG
LU2353382976,BLSARZU
LU2353382463,BLSARIE
LU2353382620,BHSARI2
LU2353382380,BLSARIU
LU2353382208,BLSARDU
LU2575169110,BLSARI2
LU2575169037,BLSARD2
LU1282798062,BSMMD4U
LU1456638573,BRATI3U
LU1196525700,BGATI5E
LU2600820356,BGBGD2E
LU2600820273,BGFTGD2
LU2600820604,BGFGRI2
LU2600820786,BGFMTI2
LU2600820943,BGBGZ2E
LU2723611005,BGFBRGZ
LU2600821081,BGBTGZ2
LU2298379152,BGBCBAS
LU0679941673,BGRBA3U
LU0669554353,BGCED4R
LU0827876409,BCED4GH
LU2319960444,BGCEFSU
LU2864352203,BGCEI4G
LU1919856051,BGEMA8C
LU2719174570,BGEUA4D
LU2719174810,BGFEUDG
LU2719175114,BGEUD4G
LU2719175627,BGEUX4A
LU2657676305,BGFEMIC
LU2657676214,BGFMKIG
LU0995345831,BELCD3G
LU2779021257,BGEMSI2
LU0204061948,BGEMA4G
LU1706558266,BGEMS2E
LU2864352385,BGFERI4
LU0411709727,BGEOUD2
LU2360107598,BGBFI4U
LU1919856135,BGHA8CH
LU2697545676,BGFLSA2
LU2741325588,BGFLSD2
LU2790878016,BGFLTI2
LU2741325661,BGFLSI2
LU2741325745,BGFLSX2
LU2748853863,BGFLSZ2
LU1877504073,BGMX5GH
LU0497860428,BGJVX2J
LU1861216437,BGFNGZ2
LU2360106947,BGBNAU4
LU2725777499,BGEMZI2
LU1978683685,BGBA8CH
LU0757589873,BGWX2SH
LU1276852404,BGSWD3C
LU2798994583,BGSYUIG
LU1919856218,BGUA8CH
LU2810381256,BGUHYSR
LU0154237142,MFLEXX2
LU2714841868,BGUMAEU
LU2011139206,BGFGI2U
LU2677621554,BGFI2EH
LU2714841512,BGUMSRE
LU2714841439,VGUMTGS
LU2714841603,BGUTMSR
LU2714841785,BGUGMSR
LU2714841355,BGUMSRU
LU2527846328,I4GBPLX
LU0743604679,
GB0009383836,
LU0526377089,
LU1681057110,
LU1834329317,
LU1933810498,
LU1933810654,
LU1681056906,
LU1681057037,
LU0811112787,
LU0852073260,
LU1379100800,
LU0204061609,
LU1817795518,
LU1817794974,
LU1817796086,
LU1817794388,
LU1688375853,
LU1688375424,
LU2382308885,
LU2382308612,
LU2382308455,
LU2382308026,
LU1834329234,
LU2331123641,
IE00B3VWN179,CBU3,CU31
IE00B3VWN393,CBU7,CU71
IE00BMWB9633,I37MX
IE00B3VWN518,CBU0
IE00B53L3W79,CS51,CSX5,ISX5
IE00B53HP851,CUKX
IE00B53QG562,CEU1,IEMU
IE00BKBF6616,CEUU
IE00BL3J3H81,0A3E
IE00B52MJY50,CPJ1,CPXJ
IE00B5BMR087,CSP1,CSPX
IE00BD8KRH84,GSPX
IE00BL3J3G74,0A3D
IE00B53L4350,CIND
IE00BF5LJ058,IPIR
IE00B53L4X51,CMB1
IE00B52SF786,CCAU,CSCA
IE00B5L8K969,CEA1,CEMA
IE00BWK1SP74,EMUC
IE00B3VWMM18,CES1
IE00BWZN1T31,EMUU
IE00B53QDK08,CJPU,CSJP
IE00B5W4TY14,CSKR
IE00B5WHFQ43,CMX1,CMXC
IE00B3VWLG82,CUKS
IE00B539F030,CSUK
IE00B3VWM098,CUS1,CUSS
IE00B52SFT06,CSUS,CU1
IE00B53SZB19,CNDX,CNX1
IE00BYVQ9F29,NQSE
IE00B52MJD48,CNKY
IE00BMXC7V63,UPAB
IE00B59L7C92,CSBRCHF
IE00B3VTML14,CE71
IE00B3VTN290,CE01
IE00BYXZ2585,0Y8Z
IE00BL6K8D99,EMPA
IE00B3VTMJ91,CBE3,CE31
IE000FOSCLU1,MPAB
IE000NITTFF2,R1GB,R1GR
IE0002EKOXU6,R1VL
IE000G4PH2B1,UPAD
IE00BGPP6473,CBUE
IE0000U2ASV9,CBGA
IE00BJJPVP04,CBUG
IE00BFXYHY63,OM3M
IE00BMDBMH44,UKEL
IE00B5V87390,ERUS
IE0032895942,LQDE,LQDS
IE00B14X4S71,IBTS,IDBT
IE0032523478,IBCX
IE00B0M62X26,IBCI
IE00B00FV011,SLXX
IE00B14X4T88,IAPD,IDAP
IE00B0M62V02,IDJG
IE00B02KXH56,IJPN,IJPU
IE00B0M63284,IPRP
IE00B02KXK85,FXC,IDFX
IE00BD45KH83,EIMU,EMGU
IE00BCLWRB83,LQDG,LQDH
IE00BYXYYJ35,LQDA
IE00BF3N6Y61,LQEE
IE00BYXPSP02,IBTA
IE00BF3N7094,HIGH
IE00BF3NC260,HYGU
IE00B5L65R35,ES15,IS15
IE00BYZ28W67,ISFD
IE00BKM4GZ66,EIMI,EMIM
IE00B02KXM00,DJSC
IE00B00FV128,MIDD
IE00B7J7TB45,CORP,CRPS
IE00BF3N6Z78,CRPU
IE00B74DQ490,HYLD,IGHY
IE00BYWZ0440,HYEA,HYLA
IE00B0M63730,IDFF,IFFF
IE00B0M63516,IBZL,IDBZ
IE00B14X4N27,IEUX
IE00BCLWRG39,IJPD
IE00B0M63391,IDKO,IKOR
IE00B87RLX93,0UCF
IE00B8KGV557,EMMV,EMV
IE00B86MWN23,IMV,IMVU,MVEU
IE00B8FHGS14,MINV,MVOL
IE00BYXPXL17,0Y8R
IE00BD1JRZ09,MVSH
IE00B6SPMN59,MVUS,SPMV
IE00BYX8XD24,SPME
IE00B87G8S03,IAAA,SAAA
IE00B9M6SJ31,CRPH
IE00B8KQFS66,GHYS
IE00B9M04V95,0Y3P
IE00B9M6RS56,EMBE
IE00B8J37J31,0MTW
IE00B8BVCK12,0Y3F
IE00B88DZ566,0MTV
IE00BYXYX745,EMID
IE00BF20LF40,EUMD
IE00BDDRF478,IUCM
IE00BDQZ5152,ICBU
IE00B4L5ZY03,EEX5
IE00B4WXJG34,IBGY
IE00B3F81R35,IEAC,IEBC
IE00BF11F565,IEAA
IE00B4WXJJ64,SEGA
IE00B4L5YX21,IJPA,SJPA
IE00B4L5Y983,IWDA,SWDA
IE00BFM6T814,IGAA
IE00B3F81409,AGGG,SAGG
IE00BZ043R46,AGGU
IE00BDBRDM35,0GGH
IE00BD1JRY91,AGGS
IE00BYZ28V50,IGLA
IE00B3F81K65,IGLO,SGLO
IE00B3B8PX14,IGIL,SGIL
IE00BFZPF546,EMGA
IE00B5M4WH52,IEML,SEML
IE00B5377D42,IAUS,SAUS
IE00B3F81G20,IEMS
IE00B4L5YC18,IEMA,SEMA
IE00B4K48X80,SMEA
IE00B2QWDY88,IDJP,ISJP
IE00B4WXJD03,IPXJ,SPXJ
IE00B52XQP83,IRSA,SRSA
IE00BRHZ0398,UKRE
IE00BF4RFH31,WLDS,WSML
IE00BZ048462,FLO5,FLOT
IE00BF11F458,0FLE
IE00BDFGJ627,FLOA
IE00BDDRDZ46,0A0A
IE00B4PY7Y77,IHYU,SHYU
IE00BYXYYL56,IHYA
IE00BDDRH961,0A07
IE00BDQYWQ65,TIP5,TP05
IE00B1FZSC47,IDTP,ITPS
IE00BDZVH859,ITPG
IE00BDZVH966,0TPE
IE00B1FZS913,IBGL
IE00B1W57M07,BRIC,DBRC
IE00BDZVHC96,DPYG
IE00BDZVHD04,DPYE
IE00BFM6T921,DPYA
IE00B57X3V84,IGSG,IGSU
IE00B2NPL135,IEMI
IE00BD5J2G21,EXFNZ
IE00BDZVHF28,IBC8D
IE00B1XNHC34,INRG
IE00B1FZS467,IDIN,INFR
IE00B27YCF74,WOOD
IE00BYXYYK40,JPEA,JPEE
IE00BDDRH417,0A08
IE00BQT3W831,NK4EEUR
IE00B1TXHL60,IDPE,IPRV
IE00B2QWDR12,ISFE
IE00B27YCP72,ISDE
IE00B52VJ196,IESG
IE00B1FZS574,IDTK,ITKY
IE00BKM4H312,HDIQ,QDIV
IE00B27YCN58,ISDW,ISWD
IE00BYYHSQ67,WQDS,WQDV
IE0008470928,EUN
IE00BYXYYM63,IUAA
IE00BDFJYM28,IUAE
IE00BDFGJ841,IUGA
IE00B1FZSF77,IDUP,IUSP
IE00BYZTVT56,SUOE
IE00B0M62T89,
IE0004855221,
IE00BVC3VM20,
IE00BFMM9458,
IE00BFMM9342,
IE00BFMM8Z98,
IE00BD9FM223,
IE00BQT3VN15,
IE00BDDRDW15,EMES
IE00BF553838,EMSA
IE00B6X2VY59,IRCP
IE00B6R52143,ISAG,SPAG
IE00B7LGZ558,IFRB
IE00BFMM9565,FRGHGBP
IE00B6R52036,IAUP,SPGP
IE00B7LW6Y90,IITB
IE00BFMM9235,ITEH
IE00BFM6TD65,EMCA
IE00B6R52259,ISAC,SSAC
IE00BKM4H197,CEMG,CEMX
IE00B42Z5J44,IJPE
IE00B7XYN974,IJPH
IE00B4M7GH52,IPOL,SPOL
IE00B441G979,IWDE
IE00B42YS929,IGWD
IE00B6R51Z18,IOGP,SPOG
IE00B4MCHD36,ICDU,IUCD
IE00B40B8R38,ICSU,IUCS
IE00B42NKQ00,IESU,IUES
IE00B3ZW0K18,IUSE
IE00B4JNQZ49,IUFS,UIFS
IE00B3Y8X563,IGUS
IE00B43HR379,IHCU,IUHC
IE00B4LN9N13,IISU,IUIS
IE00B3WJKG14,IITU,IUIT
IE00B4MKCJ84,IMSU,IUMS
IE00B4KBBD01,IUSU,IUUS
IE00B428Z604,IESP
IE00BFMM8Y81,SPEH
IE00BD3V0B10,BNKS
IE00BZ171348,GAAA
IE00BZ173W74,HLQD
IE00BGR7L912,IBTU
IE00BGSF1X88,IB01
IE00BDFK1573,IBTE
IE00BDDRHB81,0A0B
IE0005042456,ISF,ISFU
IE00B0M62S72,IDVY
IE00B02KXL92,DJMC
IE0030974079,IQQ1
IE00BDFK3G24,CRHG
IE00BFM6TB42,CRPA
IE00B0M63953,IDEE
IE00B0M63177,IDEM,IEEM
IE00BVDPJP67,EUXS
IE00B14X4M10,IDNA,INAA
IE00B0M63623,IDTW,ITWN
IE0031442068,IDUS,IUSA
IE00BG13YK79,MVED
IE00BGPP8L80,WMVG
IE00BD93YH54,SPMD
IE00BCRY5Y77,IGSD,SDIG
IE00BYXYYP94,SDIA
IE00BDDRH631,0A06
IE00BCRY6003,SDHG,SDHY
IE00BZ17CN18,SDHA
IE00BSKRJZ44,IBTL,IDTL
IE00BD8PGZ49,DTLE
IE00BD8PH067,DTLC
IE00BFM6TC58,DTLA
IE00BCRY6227,ERND,ERNU
IE00BGCSB447,ERNA
IE00BSKRJX20,020Y
IE00BYZK4669,AGED,AGES
IE00BYZK4552,RBOT,RBTX
IE00BYWZ0333,RBOD
IE00BG0J4C88,LOCK
IE00BG0J4841,SHLD,SHLG
IE00BYZK4883,DGIT,DGTL
IE00BG0SKF03,EMVL
IE00BF2PG656,EDMF
IE00BQN1K786,IEFM
IE00BG13YJ64,IEMD
IE00BZ0PKV06,FSEU,IEEU
IE00BQN1K562,IEFQ
IE00BQN1KC32,IEFS
IE00BQN1K901,IEFV,IEVL
IE00BD1F4N50,IUMF,IUMO
IE00BZ0PKS76,FSUS,IFSU
IE00BG13YZ23,UFSD
IE00BD1F4L37,IUQA,IUQF
IE00BF2QSQ20,IUQD
IE00BD1F4K20,IUSF,IUSZ
IE00BD1F4M44,IUVF,IUVL
IE00BFF5RX68,IUVD
IE00BP3QZ825,IWFM,IWMO
IE00BZ0PKT83,FSWD,IFSW
IE00BYXPXK00,0Y8Q
IE00BF450720,DMFC
IE00BP3QZ601,IWFQ,IWQU
IE00BP3QZD73,IWFS,IWSZ
IE00BP3QZB59,IWFV,IWVL
IE00BFYTYS33,IWVG,IWVU
IE00BGL86Z12,ECAR,GCAR
IE00BDFJYP58,WIAU
IE00BYZK4776,DRDR,HEAL
IE00BQT3WG13,CNYA,IASH
IE00BFNM3P36,SAEM,SEGM
IE00BFNM3N12,GEDM,SEDM
IE00BYVJRP78,SUES,SUSM
IE00BHZPJ015,EDM4
IE00BHZPHZ28,EMUD
IE00BFNM3B99,SAUM
IE00BCLWRF22,0MUL
IE00BCLWRD08,EMUM
IE00BHZPJ676,EEUD
IE00BHZPJ783,EDM6
IE00BFNM3D14,SAEU
IE00BFNM3F38,SDUE
IE00BP3QZJ36,ISFR
IE00BZCQB185,IIND,NDIA
IE00BHZPJ452,EDMJ
IE00BHZPJ346,EEJD,EEJG
IE00BFNM3L97,SAJP,SGJP
IE00BFNM3M05,SDJP
IE00BYVJRQ85,SUJS
IE00BYX8XC17,SUJA,SUJP
IE00BHZPJ908,0ACQ
IE00BHZPJ890,EEDG,EEDS
IE00BFNM3G45,GPSA,SASU
IE00BFNM3H51,SDUS
IE00BYVJRR92,SUAS,SUUS
IE00BHZPJ569,EGMW
IE00BFNM3J75,SAWD
IE00BFNM3K80,SDWD
IE00BYX2JD69,SUSW
IE00BDZZTM54,SUWG,SUWS
IE00BYXG2H39,BTEC,BTEK
IE00BD3RYZ16,OMXS
IE00BP3QZG05,TASEUSD
IE00BD0B9B76,OPEN
IE00BZ6V7883,IMBS,SMBS
IE00BYXYYN70,IMBA
IE00B3DKXQ41,SEAG
IE00B4L5ZG21,EEXF
IE00B4WXJH41,IBGZ
IE00B4L60H17,ISXF,SSXF
IE00BDFJYN35,IEAH
IE00BF540Y54,AGBP
IE00BYV3HN70,0A09
IE00BD45YS76,IWDG
IE00BKBF6H24,0ACU
IE00B6QGFW01,IGEA,SGEA
IE00BDFK3H31,IGLH
IE00BK7Y2P34,SGLU
IE00BJ5JPJ87,IKSD
IE00B2QWCY14,IDP6,ISP6
IE00B4WXJK79,IGLS
IE00BRHZ0620,USPRGBP
IE00BG5QQ390,IU0E
IE00BZ048579,SUSU
IE00BK7Y2S64,SGSU
IE00BK6M1392,IHYC
IE00BK7Y2R57,IDTC
IE00BF5GB717,EFRN
IE00BGDPWV87,AYEP
IE00B1FZSB30,IGLT
IE00B1FZS350,IDWP,IWDP
IE00BJ5JPH63,3SUD
IE00BGQ0J979,EMCH
IE00BGDPWW94,ISED
IE00B296QM64,ISDU,ISUS
IE00BDFK3736,LQGH
IE00BK7Y2Q41,LQCE
IE00BJBLQ842,LQCSX
IE00BJ5JMP33,0A24
IE00BK7XZ629,IBTC
IE00BKTN1T54,GOVP
IE00B66F4759,IHYG,SHYG
IE00BK6NC514,HIHC
IE00BJBLQ958,HIGSX
IE00BGDQ0L74,IPRE
IE00BK0TB144,CORC
IE00BKBF4J08,HYLC
IE00B0M62Q58,IDWR,IWRD
IE00BJP26C72,UEDD
IE00BJP26F04,UESD
IE00BCRY6441,ERNS
IE00BKPSFD61,CYBA
IE00BJ5JPG56,0AC7
IE00BL977C92,ICHD
IE00BHZPJ239,EDG2
IE00BJLKK341,SMUA
IE00BKTLJC87,0AB8
IE00BKTLJB70,CT2B
IE00BKP5L409,IMBE
IE00BKT1CR43,IDBB
IE00BKRWN659,DDBB
IE00BSKRK281,IEBB
IE00BKT6BH25,IX5A
IE00B3B8Q275,ICOV
IE00BK6NC407,IECH
IE00BJBLQC81,IEASX
IE00BMFJGP26,IEGC
IE00BJBLQB74,AGSGX
IE00BKT6FV49,SJPE
IE00BL4KKV31,0A3F
IE00BKPT2S34,IS3V
IE00BYYR0489,IKSA
IE00B1FZS806,IBGM
IE00B1YZSC51,IMEU,ISEU
IE00BL4KKW48,0A3G
IE00BKP5L730,GMES
IE00BKP5L623,CMES
IE00BKPSFC54,WQDA
IE00BJK55B31,DHYA
IE00BMDFDY08,UEEF
IE00BJK55C48,EHYA
IE00BKKKWJ26,SUOA
IE00BKT1CS59,SNAZ
IE00BJ5JP212,WCDS
IE00BMX0DF60,UMDV
IE00BLF5J545,LQMHX
IE00BLF5J438,LQDMX
IE00BMTX2B82,IAEA
IE00BKPX3K41,IFFI
IE00BKVL7D31,MVEE
IE00BMDBM966,MVLD
IE00BKVL7331,MVEA
IE00BKVL7778,MVEW
IE00BMH5T269,MVEC
IE00BMH5VP31,MVWE
IE00B8JDT196,AYEE
IE00BKPT2T41,IGAE
IE00BMW42298,ESIC
IE00BMW42074,ESIS
IE00BMW42637,ESIE
IE00BMW42306,ESIF
IE00BMW42181,ESIH
IE00BMW42413,ESIT
IE00BLF5J651,SDHMX
IE00BMWB9526,DTMXX
IE00BMWB9302,ERNMX
IE00BMZ17Y47,CYGB
IE00BKT6VQ12,CYBE
IE00BFF5RZ82,IUMD
IE00BMG6Z448,EXCS
IE00BJM0B415,SLUD
IE00BGDQ0V72,SUJD
IE00BMWPV470,SUAP
IE00BMZ17V16,SCWS
IE00BMZ17W23,SESW
IE00BMZ17X30,SUWU
IE00BMWB9419,IMMXX
IE00BLP53N06,MACG
IE00BLP53M98,MACV
IE00BLLZQ912,MAGG
IE00BLLZQ805,MAGR
IE00BLLZQ797,MAMG
IE00BLLZQS08,MODR
IE00BMCZLH06,UEEG
IE00BN2B7L13,DDBG
IE00BL0BMG90,AYED
IE00BKT6FT27,IGLE
IE00BMDBMM96,IGLC
IE00B6TQLL84,EB3MZ
IE00BMXC7W70,WPAB
IE00BMVJSD83,IGLMX
IE00BMH5T376,IU0C
IE00098ZGGO6,IU0A
IE00BMWPV702,SUOP
IE000D4PD0L5,SUOMX
IE00BF7TPM11,FLOS
IE00BMWPV694,DHYC
IE0003NVF3Y3,DHYG
IE000MX1VLQ2,DHYMX
IE00BJBLQD98,IHYSX
IE00BMWB9294,IDTXX
IE00BMV3LT73,SUSEMX
IE00BMDBMP28,SUOC
IE00BMDBMN04,GRON
IE00BMWPV587,EHYC
IE00B1XNH568,IMIB
IE000CFH1JX2,H2OA
IE000M51EY66,EMEMX
IE00B27YCK28,DLTM,LTAM
IE00BL6K8C82,EUPB
IE00BMDBMG37,IDSE
IE0009QS7W62,WHCA
IE00BDFK1N50,IBTG
IE00BJSFR200,HYLE
IE00BJSFQX44,GHYG
IE000AJFZ9E4,ITWAX
IE00BKVL7885,MVEM
IE00B988C465,0Y3O
IE00BMW42520,ESIN
IE00BK5MT033,IDTG
IE0005QL4147,UEDA
IE00BYPC1H27,CNYB
IE00BKT6RT64,CYBU
IE00BMC7BF44,CGBP
IE00BG13YH41,IEDL
IE00BF3N7219,WNGE
IE00BDFK1680,WIGG
IE00BYM31M36,RISE,WING
IE00099GAJC6,CNYE
IE000NFR7C63,CTEC
IE00BFNM3C07,SMUD
IE000I8KRLL9,SEMI
IE000U7L59A3,CBUC
IE000G2LIHG9,SAUA
IE0002PA3YE5,IUME
IE000OKVTDF7,IUVE
IE000X08RX14,EDMNZX
IE000L5NW549,CBUH
IE000H1H16W5,CBUI
IE00BLB2GQ94,MACU
IE00BLB2GS19,MAGU
IE00BLB2GT26,MODU
IE0007G78AC4,ASIG
IE000F6G1DE0,IE1A
IE000SE6KPV2,IPAB
IE000ZX8CQG2,CBUJ
IE0000BH4WF5,IEXA
IE000E5H5AN1,AGSGDX
IE00BFM15T99,SJPD
IE000OH3HT45,AGAUX
IE000Z8F16G5,SHIR
IE000APK27S2,AEGE
IE000ZXYID24,AEGG
IE000ZIGXVF2,AGENZX
IE000BCCS0X1,AGSKX
IE000HQY8R78,AGGD
IE00BD8PH174,GILE
IE00BMDBMK72,PCEL
IE000T9EOCL3,EWSA
IE000T05HNG4,SUOH
IE00BKF09C98,DHYD
IE000F0RCIV1,DHYAX
IE00BDZVHB89,TI5G
IE000AKFKBQ9,TI5MX
IE000JXFRNI0,TI5A
IE00BMV3LS66,IE0C
IE000AK4O3W6,IE3E
IE000L2TO2T2,SUA0
IE000IZO7033,CBUP
IE00BKLC5874,EHYD
IE00B1FZS244,IASP,IDAR
IE0008471009,EUE
IE000BI0GCN3,CBUS
IE0004J6PFL7,GLUH
IE000U58J0M1,INRA
IE0003ZXNJY5,WOOE
IE00B1TXK627,DH2O,IH2O
IE000D8FCSD8,IPRA
IE00B1TXLS18,IUKP
IE000FI414K7,UKPH
IE00B44CGS96,IUAG,SUAG
IE00014E9P24,FRGP
IE000A9QV382,IFRD
IE0003V00UC4,ITEB
IE000Q4EBLW2,SPPB
IE0001DYLX87,GADUX
IE00B14X4Q57,IBGS
IE00BMVJSF08,IBGMX
IE000QOU09J7,FXAC
IE00BMCZLJ20,UEEH
IE0002W8NB38,MUSD
IE00BMTX1Y45,I500
IE000UI6SLV6,EUEMX
IE00BJP26D89,EUED
IE000RHYOR04,ERNX
IE00BCRY6557,ERN1,ERNE
IE00023EZQ82,PLAY
IE000RN58M26,MTAV
IE000JTPK610,CBUY
IE00013A2XD6,SAWI
IE0007VCNJW3,JPSG
IE00BZ173T46,SRIL
IE000U1MQKJ2,IWQE
IE00BDZVHG35,BTEE
IE000CR3ZDF9,CBU2
IE00B3FH7618,IBGE
IE00BMVJSC76,IEGMX
IE00BLDGH553,SECA
IE00BLDGH447,SECD
IE000RDRMSD1,BLKC
IE000VSFIC94,CBU1
IE00093GOJ04,IEAU
IE00BMGNVD65,AGUG
IE0003WV2ME7,ISPE
IE000MLMNYS0,EWSP,EWSX
IE000CR7DJI8,CBUM
IE000R9FA4A0,ESPX
IE000RCMNFR9,IGL5
IE00BDFJYL11,IHHG
IE00BYZTVV78,SUSS
IE00B1FZS681,IBGX
IE000YZVB4R7,EHYG
IE0008F9FCT2,IEUC
IE000CK5G8J7,CBUX
IE00BDFGJ734,EMHG
IE00BYYHSM20,EQDS
IE000LXEN6X4,ES50
IE00B5V94313,SDEU
IE00072MMRZ0,ID25MX
IE0000X2DXK3,ID25
IE000YT72Y94,IT25MX
IE000U99N3V1,IT25
IE000GUOATN7,IB25
IE000AZDOJT1,ID26MX
IE000BWITBP9,D26A
IE000WA6L436,CEBE
IE000A68ELD0,ID27MX
IE000I1D7D10,ID27
IE000ZOI8OK5,IB27
IE00004FVB93,ID28MX
IE0000UJ3480,D28A
IE0008UEVOE0,IVOA
IE000589MF42,IITA
IE00BJ5JNZ06,WHCS
IE00BMBKBZ46,IUHE
IE000KJVA5F6,HIGG
IE000WJWZK35,CEBV
IE000Q7NR6I3,IS17
IE000N852182,IS16
IE000H22E3N8,
IE000UCFZI88,SLXU
IE00091SR7N7,CEBR
IE00B0M63060,IUKD
IE0002XZSHO1,WPEA
IE000F9IDGB5,IWDS
IE000AWT6D61,CEBU
IE0006NB6WZ4,IDGA
IE000GHXL2Q3,CEB1
IE000NBRE3P7,EUES
IE00063FT9K6,MINE
IE00BG13YL86,IFSD
IE000ROSD5J6,METG
IE000WDG5795,LITM
IE000W8RYVC0,EXCD
IE00BZ173V67,3SUR
IE000EEJLWG1,CEBW
IE000MFEI2J0,IMGP
IE000Z0Z10N9,ASGDX
IE0009XKZC98,IE1C
IE000XFCOS45,IE1U
IE000FHBZDZ8,AGAC
IE00BMDBML89,GILG
IE000PL3UFC3,GRET
IE0000P0RPE6,WINA
IE00BK4W7N32,SUOU
IE00BF3N7102,IHYE
IE000B3NURO6,ITPA
IE00BGPP6697,0ACM
IE000R4RN8C3,IGTA
IE00BGPP6580,IGTM
IE00B1FZS798,IBTM,IDTM
IE000MAO75G5,CEBZ
IE000TCZMZM8,INGH
IE000X1JN6A2,IEMBX
IE000GXN71U1,IPRH
IE000HH3SU50,EPAD
IE000CR424L6,CBUD
IE00093SKUY4,CEBX
IE000U9ODG19,DFND
IE000LZ7BZW8,26TP
IE000G6CY1T7,26TA
IE0004OYBZA6,IT27
IE0005HWIS34,IT27MX
IE000Q2EQ5K8,28IY
IE000JHMFVN7,28IA
IE000QJMYB29,ID29
IE000JAYMBQ8,ISIBF
IE00055OM853,IT29
IE000LFTOC63,IT29MX
IE000SNLFDR7,29GA
IE0008TDJ461,ID30
IE0004KJFX33,ID30MX
IE000WZJ38F1,30GB
IE000Y2BJVK9,30IA
IE0009EQZP90,31ID
IE00019EG7X4,ID31
IE000I2WYEU9,31IG
IE000D9WMGF0,IG31
IE00049LEBV0,32ID
IE0007YBWBE5,ID32
IE000C2BA1B7,32GH
IE0000MR4GH9,32XG
IE000I660ZF8,IG32
IE000LETV955,33ID
IE000K44CW70,ID33
IE0007ULLBX5,ID33MX
IE000E0NL9T3,33GI
IE000ZBGZQM8,IG33
IE000VVBM1F6,34ID
IE000RC18FG8,ID34
IE000E54DV34,ID34MX
IE000SBJO6L2,34GI
IE000UY6XF65,IG34
IE00B6TLBW47,EMCP,EMCR
IE0000PJLVN3,JGB1X
IE000VAOK4J4,JGBUX
IE000TY854T9,CEB2
IE00019GPKX6,ISGDX
IE0006PTRUI8,MCTA
IE000E9XXE77,MCTD
IE000U3XZQN5,ECTA
IE000ZQF1PE1,ECTD
IE000E9W0ID3,TLCO
IE000MW6GT38,JCTA
IE000GTJ2I49,JCTD
IE000MGAVJV3,UCTA
IE0001YGXFO5,WCTA
IE00BJ5JP436,WCMS
IE00BJ5JP105,WENS
IE0004LCA3I5,SPGA
IE0000529V99,IB01JX
IE000KN6U873,IBGT
IE00BK95B138,GOVT
IE00B0M62Y33,IAEX
IE000HARJEE2,CEB4
IE00BJSFQW37,36B7
IE000QZ7JON9,3SUS
IE000YD0IAD2,3SUU
IE000DLDNVK1,MUSG
IE000OPODKS3,MSUD
IE0001ZFMLN7,N100
IE0007O06KL9,RU2K
IE000Z3S26J2,CEB7
IE00BHZPJ122,EEDM,EGDM
IE00B4L60045,IE15,SE15
IE00B50MZ724,VANEMPA
IE0031786696,VANEMEI
IE0031786142,VANEMSI
IE0031787223,VANEMIU
IE0031786928,VANEMUI
IE00BFPM9J74,VANEMEP
IE00BPT2BB99,VAVGEMA
IE00BFPM9H50,VANEMUP
IE0007987708,VANEINI
IE00BFPM9L96,VANEIEP
IE0008248803,VANESII
IE00BGCC4585,VANEPEI
IE00B3X1NT05,VANGMSA
IE00B42W3S00,VANGMEI
IE00B42LF923,VANGMCI
IE00BFRTDD83,VANPEUS
IE00BPT2BD14,VNVGSPA
IE00B03HD191,VANGEIS
IE00B03HD316,VANGLEH
IE00B03HCZ61,VANGLVI
IE00B03HD209,VANGISI
IE00BYVQ3L68,VANIPGA
IE00BFPM9M04,VANPLUD
IE00B50MZ948,VANJISA
IE0007286036,VANSTKE
IE0007292422,VANSTOC
IE00BPT2BG45,VAVGSAS
IE00BGCC5F53,VANJIJP
IE00BGCC5335,VAJSPUS
IE00B523L313,VAPEJPA
IE0007201266,VAPEJEI
IE00BGCC5G60,VAPEJEP
IE00BPT2BJ75,VAVGPAS
IE00BFPM9Q42,VAPEJUP
IE00B76VTL96,VGSESAG
IE00B526YN16,VGSESIE
IE00B76VTN11,VGSGSAG
IE00B5456744,VGSGSIE
IE00BPT2BN12,VGSGAIP
IE00B1G3DH73,VANUSEH
IE0002639775,VANUISI
IE00BFPM9T72,VANUIPU
IE00BFRTD722,VANEGGH
IE0007472990,VANEUGB
IE0007472115,VANEGBX
IE00BFPM9W02,VANEGEP
IE00BFRTD839,VANEGHA
IE00B04FFJ44,VANEIGB
IE00BFPM9X19,VANEUEP
IE00B04GQR24,VANEZON
IE00BGCZ0719,VANEZEP
IE00B50W2R13,VANGRSA
IE00B2RHVR18,VANGRDI
IE00B18GC888,VANGEHI
IE00B18GCB14,VANGBUH
IE00BGCZ0C60,VAVGPCH
IE00BGCZ0B53,VANGEHP
IE00BPT2BQ43,VAVGBPA
IE00BFPM9Y26,VAVIPUH
IE00BH65QK91,VGSTIVS
IE00BH65QG55,VGSTBGA
IE00BH65QP47,VGSTIEH
IE00BH65QN23,VGSTBUH
IE00BH65QT84,VGSTPEH
IE00BPT2BZ34,VGVGPHA
IE00BH65QS77,VGVILUH
IE00BFRTD946,VANJGHA
IE00BJDQNK87,VJGBIPE
IE00BGCZ0H16,VANJIPJ
IE00BJ06F617,VAGBIIP
IE00B1S75374,VANUGSA
IE00BPT2BS66,VAVGUUI
IE00B1S74Q32,VANUKII
IE00BPT2BV95,VAVGUKA
IE00B9M1BB17,VGUKSPA
IE00BPT2BX10,VGVGSTA
IE00BFRTDB69,VGUGGHA
IE0007471927,VGUGBSD
IE0007471695,VGUGBVD
IE00BFPM9Z33,VGUGBUP
IE00BFRTDC76,VANEIGA
IE00B04GQX83,VANEIGU
IE00BD07TS20,VANUGHA
IE00BZ04LQ92,VANIPEH
IE00BFPMB022,VANEIUP
IE00BYV1RG46,VGCIGHA
IE00BYV1RD15,VGCIUHA
IE00BF7MPN17,VGCINUH
IE00BYSX5L43,VANSIPE
IE00BDFB5N63,VAIHAHE
IE00BDFB5P87,VAIHAHC
IE00BDFB5M56,VGLIGHA
IE00BDFB5T26,VGIUSHA
IE00BDFB5D65,VGIPGHA
IE00BDFB7639,VAGIGHA
IE00BDFB6W20,VAIPGHA
IE00BKLWXS37,VEMBIEA
IE00BKLWXP06,VEMBIGA
IE00BKLWXM74,VEMBIUA
IE00BKLWXN81,VEMBIPU
IE00BKV0VZ05,VAEAIGA
IE0005GPVQC0,VACIPGA
IE00B76VTR58,VGSESIG
IE00B95W7137,VGUKSTI
IE00BPT2BW03,VGVGSTI
IE00BZ04LP85,VANIPUS
IE00B51KW525,VANJISI
IE00BPT2BF38,VAVGSIS
IE00B523L081,VAPEJPI
IE00BPT2BH51,VAVGJIS
IE00BPT2BL97,
US37950E2182,EMFMUSD
US37950E4089,CHIQ
IE00BDVJF675,PRFD,PRFP
IE00BDT8TZ34,PRFC
IE00BG482169,PRAC
IE00BF51K025,PUIG
IE00BF51K132,PEMD
IE00BFZPF322,AT1,AT1P
IE00BFZPF439,XAT1
IE00BYZLWM19,AT1S
IE00BG0TQB18,AT1D
IE00BG21M733,VRPS
IE00BHJYDT11,VPAC
IE00BJ06C481,PUIP
IE00BF51K249,PSFE
IE00BDRTCP90,EFNTZ
IE00BF2GFM70,TRGB
IE00BF2GFH28,TRES,TRSG
IE00BF2FNL98,T3GB
IE00BF2FNG46,TR3G,TRE3
IE00BF2GC043,TR7S
IE00BF2FNB90,TRXS
IE00BG0NY640,ICFP
IE00BHJYDV33,DEAM,PEAM
IE00BGBN6P67,BCHN,BCHS
IE00BG0TQC25,GLTP
IE00BG0TQD32,GLTA
IE00BJQRDK83,ESGG,ESGW
IE00BJQRDL90,EEUR,ESGE
IE00BJQRDM08,ESGS,ESGU
IE00BJQRDN15,IQSA,IQSS
IE00BJQRDP39,IQSE
IE00BDT8V027,PRFE
IE00BKWD3B81,EHBA
IE00BKW9SV11,IGBE
IE00BKW9SW28,IGCB
IE00BLM1CB28,AT1C
IE00BKWD3D06,T1AP,TRIA
IE00BLCH1X54,T1EU
IE00BKWD3F20,TIGB
IE00BKWD3C98,TREI,TRIS
IE00BF2FNQ44,TR7G,TRE7
IE00BF2FN646,TREX,TRXG
IE00BF2FN869,TRDE
IE00BG0TQ445,GLT5
IE00BKWD3966,EHYB
IE00BMDBMT65,ESPJ,ESPS
IE00BMDBMV87,ESGJ,ESJS
IE00BMDBMX02,EEMU1EUR
IE00BMDBMW94,ESEU
IE00BMDBMY19,ESEM,ESES
IE00BK80XL30,MCHN,MCHS
IE00BN7J5Z03,FASE
IE0003RA2ZR3,FASA
IE00BLRB0242,GCLE,GCLX
IE00BNG70R26,MUNI,MUNS
IE00BMD8KP97,EQJS,EQQJ
IE00BNGJJT35,SPEQ,SPEX
IE00BKW9SX35,SPLG,SPLW
IE00BJP5NL42,HYGE
IE000COQKPO9,NESG,NESP
IE000TI21P14,PAES
IE000RLUE8E9,PAUS,PAUX
IE000I8IKC59,PAJP,PAJS
IE000V93BNU0,PAWD,PAWS
IE00021E4FE3,ECMA
IE0006LBEDV2,ECMF
IE000PA766T7,ECMS
IE000MUAJIF4,ECMD
IE00BF2GFK56,TRFE
IE00BF2FNJ76,T3RE
IE00BF2FPB31,T7EU
IE00BKWD3743,TREL,TRLX
IE000FXHG8D6,TRUD
IE00BKWD3859,TRLG
IE000A8N67F3,ESUD,ESUS
IE000T5R61X5,ESPB
IE0008YN55P8,IQSD
IE000XIBT2R7,LVLE
IE000N42HDP2,LVLC,LVLG
IE00BGJWWX56,EIBB
IE00BGJWWY63,EIB3
IE00BGJWWV33,EIB5
IE00BGJWWT11,EIB7
IE00BGJWWW40,EIBX
IE00BM8QS095,MCHT,MCTS
IE00053WDH64,HYDE,HYDN
IE000PJL7R74,PAEM,PAEX
IE000UOXRAM8,IGDA
IE000ZWSN3F7,GBHS,GBHY
IE0001VDDL68,GB1A
IE000XG0ZRI7,GB1E
IE00020C1NS6,GBHG
IE00BF2GFJ42,TRAG,TRAU
IE0007BT2BH8,EGVA
IE000716YHJ7,FWRA,FWRG
IE0006VDD4K1,FWEA
IE00BLRB0028,GCED,GCEX
IE0008RX29L5,WNDE,WNDI
IE000L2SA8K5,EWQX,IEWQ
IE00BM8QRY62,SPED,SPES
IE00BM8QRZ79,ISUN,RAYS
IE0007UJ6IE0,INSU,INSX
IE000AIFGRB9,WDEE,WEEG
IE00018LB0D8,WDFE,WFEG
IE000L4EH2K5,WHCE,WHCG
IE000Q0IU5T1,WDTE,WTEG
IE00BF2GFQ19,TRSC
IE00BF2FNH52,TR3A,TR3X
IE00BF2FNR50,TR7A,TR7X
IE00BF2FN752,TRXA,TRXX
IE00BF2FNF39,TRXC
IE000GE4QIR1,TRLA,TRLP
IE0008SEV3B2,EGVD
IE0000QLH0G6,FTWD,FTWG
IE000SHR0UX9,FWCA
IE000UJC4MR1,FWSD
IE000AWRDWI7,CHNX,CN50
IE000ZUAJ6B7,BS6A,BS6X
IE0001AXQAS6,B26G
IE0001XIQ4D9,BS7A,BS7X
IE00025DKLQ3,B27G
IE000GMRDSZ7,BS8A,BS8X
IE000QAO7DD4,B28G
IE000B4EDHL6,BS9A,BS9X
IE00034XRBU1,BS0A,BS0X
IE000Y0DQX41,B30G
IE0004QWOTD5,BSE6
IE000LGHLQ71,BSE7
IE00079EUF59,BSE8
IE000P5IB8I8,BSE9
IE000I25S1V5,BSE0
IE000OEF25S1,MWEP,MWEQ
IE000LGWDNE5,IAIX,IVAI
IE00072RHT03,CBRX,ICBR
IE00BKBF6K52,SAWG
IE000SSFEUS3,U03A
IE0004OXDQN6,USLP
LU1230136894,CSH2
